{
    "iterations": 254,
    "quats": true,
    "w": -0.13099999725818634,
    "wrapAfter": 20,
    "x": 0.387233167886734,
    "y": 0.5061010122299194,
    "z": -0.7929999828338623,
    "zoom": 9.751718010875265e-08
}
