{
    "iterations": 1000,
    "quats": true,
    "w": -0.7260000109672546,
    "wrapAfter": 160,
    "x": 0.3871924877166748,
    "y": 0.5061147809028625,
    "z": -0.777999997138977,
    "zoom": 8.376661142506237e-09
}
